0.7802
0.3376
0.6079
0.7413
0.1048
0.1279
0.5495
0.4852
0.8905
0.7990
0.7343
0.0513
0.0729
0.0885
0.7984
0.9430
0.6837
0.1321
0.7227
0.1104
0.1175
0.6407
0.3288
0.6538
0.7491
0.5832
0.7400
0.2348
0.7350
0.9706
0.8669
0.0862
0.3664
0.3692
0.6850
0.5979
0.7894
0.3677
0.2060
0.0867
0.7719
0.2057
0.3883
0.5518
0.2290
0.6419
0.4845
0.1518
0.7819
0.1006
0.2941
0.2374
0.5309
0.0915
0.4053
0.1048
0.1123
0.7844
0.2916
0.6035
0.9644
0.4325
0.6948
0.7581
0.4326
0.6555
0.1098
0.9338
0.1875
0.2662
0.7978
0.4876
0.7690
0.3960
0.2729
0.0372
0.6733
0.4296
0.4517
0.6099
0.0594
0.3158
0.7727
0.6964
0.1253
0.1302
0.0924
0.0078
0.4231
0.6556
0.7229
0.5312
0.1088
0.6318
0.1265
0.1343
0.0986
0.1420
0.1683
0.1962
0.3175
0.3164
0.2176
0.2510
0.8929
0.7032
0.5557
0.1844
0.2120
0.0773
0.9138
0.7067
0.5578
0.3134
0.1662
0.6225
0.9879
0.1704
0.2578
0.3968
0.0740
0.6841
0.4024
0.9828
0.4022
0.6207
0.1544
0.3813
0.1611
0.7581
0.8711
0.3508
0.6855
0.2941
0.5306
0.8324
0.5975
0.3353
0.2992
0.4526
0.4226
0.3596
0.5583
0.7425
0.4243
0.4294
0.1249
0.0244
0.2902
0.3175
0.6537
0.9569
0.9357
0.4579
0.2405
0.7639
0.7593
0.7406
0.7437
0.1059
0.6816
0.4633
0.2122
0.0985
0.8236
0.1750
0.1636
0.6660
0.8944
0.5166
0.7027
0.1536
0.9535
0.5409
0.6797
0.0366
0.8092
0.7486
0.1202
0.5250
0.3258
0.5464
0.3989
0.4151
0.1807
0.2554
0.0205
0.9237
0.6537
0.9326
0.1635
0.9211
0.7947
0.5774
0.4400
0.2576
0.7519
0.2287
0.0642
0.7673
0.6712
0.7152
0.6421
0.4190
0.3908
0.8161
0.3174
0.8145
0.7891
0.8523
0.5056
0.6357
0.9509
0.4440
0.0600
0.8667
0.6312
0.3551
0.9970
0.2242
0.6525
0.6050
0.3872
0.1422
0.0251
0.4211
0.1841
0.7258
0.3704
0.8416
0.7342
0.5710
0.1769
0.9574
0.2653
0.9246
0.2238
0.3736
0.0875
0.6401
0.1806
0.0451
0.7232
0.3474
0.6606
0.3839
0.6273
0.0216
0.9106
0.8006
0.7458
0.8131
0.3833
0.6173
0.5755
0.5301
0.2751
0.2486
0.4516
0.2277
0.8044
0.9861
0.0300
0.5357
0.0871
0.8021
0.9891
0.0669
0.9394
0.0182
0.6838
0.7837
0.5341
0.8854
0.8990
0.6259
0.1379
0.2178
0.1821
0.0418
0.1069
0.6164
0.9397
0.3545
0.4106
0.9843
0.9456
0.6766
0.9883
0.7668
0.3367
0.6624
0.2442
0.2955
0.6802
0.5278
0.4116
0.6026
0.7505
0.5835
0.5518
0.5836
0.5118
0.0826
0.7196
0.9962
0.3545
0.9713
0.3464
0.8865
0.4547
0.4134
0.2177
0.1257
0.3089
0.7261
0.7829
0.6938
0.0098
0.8432
0.9223
0.7710
0.0427
0.3782
0.7043
0.7295
0.2243
0.2691
0.6730
0.4775
0.6237
0.2364
0.1771
0.8296
0.7669
0.9345
0.1079
0.1822
0.0991
0.4898
0.1932
0.8959
0.0991
0.0442
0.5573
0.7725
0.3119
0.1790
0.3390
0.2101
0.5102
0.9064
0.6289
0.1015
0.3909
0.0546
0.5013
0.4317
0.9976
0.8116
0.4857
0.8944
0.1375
0.3900
0.9274
0.9175
0.7136
0.6183
0.3433
0.9360
0.1248
0.7306
0.6465
0.8332
0.3983
0.7498
0.8352
0.3225
0.5523
0.9791
0.5493
0.3304
0.6195
0.3606
0.7565
0.4139
0.4923
0.6947
0.9727
0.3278
0.8378
0.7391
0.9542
0.0319
0.3569
0.6627
0.2815
0.2304
0.7111
0.6246
